60
78
104
188
70
101
104
130
36
100
59
64
119
156
66
171
55
136
105
156
133
142
157
162
52
37
84
74
157
89
125
148
189
31
38
172
15
24
89
32
77
56
40
116
111
58
75
121
219
92
62
107
89
86
129
152
85
92
35
8
44
92
44
90
174
11
59
151
168
61
111
115
132
61
147
64
88
34
43
103
40
7
30
43
37
15
35
53
122
74
53
55
123
131
190
185
171
250
14
65
103
74
93
97
56
66
40
44
62
25
37
55
39
82
102
77
152
54
36
147
62
35
65
74
42
70
76
96
55
75
61
83
107
32
87
54
107
93
60
110
47
119
117
122
50
38
120
90
53
54
86
88
68
101
80
120
120
158
45
128
32
68
144
159
120
90
158
48
55
44
159
82
70
67
141
111
143
154
156
109
159
238
230
265
36
148
124
148
169
63
57
89
133
167
107
105
51
97
112
15
121
41
88
112
33
12
79
60
161
140
22
49
82
41
89
58
127
62
51
37
70
90
63
123
36
36
161
73
60
174
31
35
33
42
36
27
40
79
66
49
81
73
61
50
61
130
98
120
50
46
75
165
121
64
71
64
62
59
64
129
116
149
189
228
76
65
108
40
73
43
86
83
54
59
85
98
39
51
37
89
103
92
62
100
69
130
47
62
48
38
85
37
86
90
124
83
66
84
54
48
50
102
77
47
96
63
142
49
155
21
96
50
43
128
43
10
