107
1 2
1 5
1 6
1 13
2 6
2 7
3 7
3 11
4 5
4 8
4 9
4 10
4 18
4 28
5 10
5 12
6 7
6 11
6 13
6 23
7 11
7 14
7 19
7 23
8 9
8 17
8 18
9 18
9 28
10 12
10 18
10 28
11 14
11 15
12 13
12 29
13 14
13 19
13 23
14 19
14 23
15 16
15 21
15 26
15 33
16 22
16 26
16 33
16 55
17 18
17 27
17 34
18 27
18 28
18 29
18 30
18 35
19 23
19 32
20 24
21 25
21 33
22 26
22 33
22 55
23 24
23 25
23 42
23 43
24 25
25 33
25 42
25 43
26 33
26 55
27 34
27 35
28 29
28 36
28 47
29 30
29 37
30 31
30 37
30 38
31 32
31 38
32 41
33 42
33 43
33 44
33 45
34 35
34 46
34 47
34 56
34 57
34 66
35 36
35 46
35 47
36 46
36 47
36 48
37 39
37 48
38 39
38 40
38 41
39 40
39 48
40 41
40 49
40 51
41 42
41 51
41 52
42 43
42 50
42 51
42 53
43 44
43 45
43 53
44 45
44 53
44 54
44 55
45 54
45 55
46 47
46 57
46 58
47 48
47 60
48 49
48 59
48 60
49 51
49 59
49 60
49 61
49 62
49 68
50 52
50 53
51 52
51 60
51 61
52 53
52 61
52 62
52 63
53 54
53 63
53 64
53 79
53 80
54 55
54 63
54 64
54 65
54 71
54 78
54 79
54 80
54 88
55 64
55 65
56 57
56 58
56 66
56 73
56 74
56 75
56 82
56 83
57 58
57 59
57 66
57 75
57 76
57 84
57 85
58 59
58 74
58 75
58 82
58 83
59 60
59 67
59 75
59 76
59 85
60 61
60 62
60 67
60 68
60 77
61 62
61 63
61 68
61 70
62 63
62 68
62 69
62 70
62 77
62 86
63 64
63 71
63 78
63 79
64 65
64 79
64 80
64 88
65 80
66 72
66 73
67 68
67 76
67 77
67 85
68 69
68 77
68 86
69 70
69 77
69 86
70 71
70 78
71 78
72 73
72 81
73 74
73 81
74 75
74 81
74 82
74 83
75 76
75 82
75 83
75 84
75 92
76 77
76 82
76 84
76 85
77 85
77 86
77 90
78 79
78 86
78 87
79 80
79 87
79 88
79 96
79 97
79 101
79 103
79 105
80 88
81 82
81 92
82 83
82 92
83 84
83 92
83 93
84 85
84 89
84 93
84 94
85 89
86 87
86 91
86 96
86 100
87 88
87 96
87 97
88 97
88 101
89 90
89 94
89 95
90 91
90 94
90 95
90 99
90 100
91 96
91 100
92 93
92 98
93 94
93 98
94 95
94 99
95 99
96 97
96 100
96 101
96 105
97 101
98 99
99 100
100 104
101 103
103 105
104 105
105 106
106 107

